2.8441670000000001 1.1741042166280025e-14
3.0673879999999998 0.033816315828104543
3.1995309999999999 0.098228345976852843
3.223163 0.16264199263262552
3.2509540000000001 0.22705402278137382
3.2713240000000003 0.29146605293012212
3.2854389999999998 0.35588131609291923
3.2872319999999999 0.4202917286612653
3.287976 0.4847037588100136
3.2895210000000001 0.5491157889587619
3.2967689999999998 0.6135278191075102
3.3222710000000002 0.6779398492562585
3.3270580000000001 0.7423518794050068
3.3281830000000001 0.8067639095537551
3.3289079999999998 0.8711759397025034
3.330549 0.9355879698512517
3.577439 1
