0 0
0.001 0.00099900149733853083
0.002 0.0019960119574993118
0.0030000000000000001 0.002991040285257803
0.0040000000000000001 0.0039840953226228087
0.0050000000000000001 0.0049751858494424287
0.0060000000000000001 0.0059643205840025637
0.0070000000000000001 0.0069515081836181106
0.0080000000000000002 0.0079367572452169414
0.0090000000000000011 0.0089200763059167666
0.01 0.0099014738435950125
0.010999999999999999 0.01088095827745178
0.012 0.01185853796856603
0.013000000000000001 0.012834221220445041
0.014 0.013808016279567299
0.014999999999999999 0.01477993133591886
0.016 0.015749974523523301
0.017000000000000001 0.01671815392096539
0.018000000000000002 0.017684477551908481
0.019 0.018648953385605779
0.02 0.01961158933740563
0.021000000000000001 0.020572393269250751
0.021999999999999999 0.02153137299017165
0.023 0.02248853625677422
0.024 0.023443890773721651
0.025000000000000001 0.02439744419421069
0.026000000000000002 0.025349204120442372
0.027 0.026299178104087269
0.028000000000000001 0.02724737364674536
0.029000000000000001 0.02819379820040056
0.029999999999999999 0.029138459167870012
0.031 0.030081363903248261
0.032000000000000001 0.03102251971234625
0.033000000000000002 0.031961933853125339
0.034000000000000002 0.03289961353612636
0.035000000000000003 0.033835565924893778
0.036000000000000004 0.03476979813639506
0.036999999999999998 0.03570231724143523
0.037999999999999999 0.036633130265066781
0.039 0.037562244186994977
0.040000000000000001 0.038489665941978571
0.041000000000000002 0.039415402420225967
0.042000000000000003 0.040339460467787108
0.043000000000000003 0.041261846886940762
0.043999999999999997 0.042182568436577708
0.044999999999999998 0.043101631832579521
0.045999999999999999 0.044019043748193182
0.047 0.044934810814401621
0.048000000000000001 0.04584893962029004
0.049000000000000002 0.046761436713408322
0.050000000000000003 0.047672308600129373
0.051000000000000004 0.048581561746003588
0.052000000000000005 0.049489202576109427
0.052999999999999999 0.050395237475400152
0.053999999999999999 0.051299672789046777
0.055 0.052202514822777407
0.056000000000000001 0.053103769843212689
0.057000000000000002 0.054003444078197863
0.058000000000000003 0.05490154371713106
0.059000000000000004 0.055798074911288208
0.059999999999999998 0.056693043774144317
0.060999999999999999 0.057586456381691437
0.062 0.058478318772753141
0.063 0.059368636949295693
0.064000000000000001 0.0602574168767359
0.065000000000000002 0.061144664484245728
0.066000000000000003 0.062030385665053638
0.067000000000000004 0.062914586276742734
0.068000000000000005 0.063797272141545874
0.069000000000000006 0.064678449046637526
0.070000000000000007 0.065558122744422714
0.071000000000000008 0.066436298952822825
0.072000000000000008 0.067312983355558492
0.072999999999999995 0.068188181602429454
0.073999999999999996 0.069061899309591682
0.074999999999999997 0.069934142059831395
0.075999999999999998 0.070804915402836441
0.076999999999999999 0.071674224855464722
0.078 0.072542075902009992
0.079000000000000001 0.073408473994464804
0.080000000000000002 0.07427342455278084
0.081000000000000003 0.075136932965126524
0.082000000000000003 0.075999004588142044
0.083000000000000004 0.076859644747191758
0.084000000000000005 0.077718858736614022
0.085000000000000006 0.078576651819968465
0.086000000000000007 0.079433029230280894
0.087000000000000008 0.080287996170285494
0.087999999999999995 0.081141557812664786
0.088999999999999996 0.081993719300287093
0.089999999999999997 0.082844485746441626
0.090999999999999998 0.083693862235071192
0.091999999999999998 0.084541853821002655
0.092999999999999999 0.085388465530174984
0.094 0.086233702359865175
0.095000000000000001 0.087077569278911776
0.096000000000000002 0.087920071227936283
0.097000000000000003 0.088761213119562393
0.098000000000000004 0.089600999838632969
0.099000000000000005 0.090439436242424981
0.10000000000000001 0.091276527160862264
0.10100000000000001 0.092112277396726241
0.10200000000000001 0.092946691725864533
0.10300000000000001 0.093779774897397583
0.10400000000000001 0.09461153163392326
0.105 0.095441966631719388
0.106 0.096271084560944478
0.107 0.097098890065836344
0.108 0.09792538776490893
0.109 0.098750582251147107
0.11 0.099574478092199784
0.111 0.100397079830571
0.112 0.10121839198380921
0.113 0.1020384190446947
0.114 0.1028571654814258
0.115 0.103674635737802
0.11600000000000001 0.10449083423340701
0.11700000000000001 0.1053057653637884
0.11800000000000001 0.10611943350063729
0.11900000000000001 0.10693184299196461
0.12 0.107742998162277
0.121 0.1085529033127501
0.122 0.1093615627214015
0.123 0.11016898064326019
0.124 0.1109751613105364
0.125 0.1117801089327885
0.126 0.1125838276970887
0.127 0.1133863217681876
0.128 0.1141875952886767
0.129 0.1149876523791496
0.13 0.115786497138362
0.13100000000000001 0.1165841336433897
0.13200000000000001 0.1173805659497853
0.13300000000000001 0.1181757980917338
0.13400000000000001 0.1189698340822065
0.13500000000000001 0.11976267791311331
0.13600000000000001 0.1205543335554544
0.13700000000000001 0.1213448049594691
0.13800000000000001 0.1221340960547852
0.13900000000000001 0.12292221075056541
0.14000000000000001 0.12370915293565329
0.14100000000000001 0.1244949264787175
0.14200000000000002 0.12527953522839519
0.14300000000000002 0.12606298301343349
0.14400000000000002 0.1268452736428303
0.14499999999999999 0.1276264109059734
0.14599999999999999 0.1284063985727783
0.14699999999999999 0.12918524039382551
0.14799999999999999 0.12996294010049569
0.14899999999999999 0.13073950140510429
0.14999999999999999 0.13151492800103451
0.151 0.13228922356286929
0.152 0.13306239174652229
0.153 0.13383443618936769
0.154 0.13460536051036809
0.155 0.1353751683102026
0.156 0.13614386317139279
0.157 0.13691144865842769
0.158 0.1376779283178883
0.159 0.13844330567857019
0.16 0.13920758425160559
0.161 0.13997076753058421
0.16200000000000001 0.1407328589916729
0.16300000000000001 0.14149386209373471
0.16400000000000001 0.1422537802784464
0.16500000000000001 0.1430126169704154
0.16600000000000001 0.14377037557729491
0.16700000000000001 0.14452705948989941
0.16800000000000001 0.1452826720823179
0.16900000000000001 0.14603721671202691
0.17000000000000001 0.14679069672000189
0.17100000000000001 0.14754311543082871
0.17200000000000001 0.14829447615281269
0.17300000000000001 0.1490447821780885
0.17400000000000002 0.14979403678272729
0.17500000000000002 0.15054224322684451
0.17599999999999999 0.15128940475470579
0.17699999999999999 0.15203552459483219
0.17799999999999999 0.1527806059601049
0.17899999999999999 0.1535246520478683
0.17999999999999999 0.15426766604003331
0.18099999999999999 0.15500965110317849
0.182 0.15575061038865159
0.183 0.15649054703266929
0.184 0.15722946415641659
0.185 0.1579673648661454
0.186 0.15870425225327181
0.187 0.15944012939447319
0.188 0.1601749993517845
0.189 0.16090886517269271
0.19 0.16164172989023201
0.191 0.16237359652307709
0.192 0.16310446807563611
0.193 0.1638343475381428
0.19400000000000001 0.1645632378867479
0.19500000000000001 0.16529114208360979
0.19600000000000001 0.1660180630769843
0.19700000000000001 0.16674400380131391
0.19800000000000001 0.1674689671773161
0.19900000000000001 0.1681929561120713
0.20000000000000001 0.16891597349910961
0.20100000000000001 0.169638022218497
0.20200000000000001 0.1703591051369216
0.20300000000000001 0.17107922510777759
0.20400000000000001 0.17179838497125019
0.20500000000000002 0.17251658755439889
0.20600000000000002 0.17323383567124051
0.20700000000000002 0.17395013212283111
0.20800000000000002 0.17466547969734769
0.20899999999999999 0.17537988117016939
0.20999999999999999 0.1760933393039571
0.21099999999999999 0.17680585684873371
0.21199999999999999 0.1775174365419627
0.21299999999999999 0.1782280811086267
0.214 0.17893779326130499
0.215 0.179646575700251
0.216 0.18035443111346841
0.217 0.18106136217678739
0.218 0.18176737155393971
0.219 0.18247246189663349
0.22 0.18317663584462751
0.221 0.1838798960258044
0.222 0.1845822450562441
0.223 0.18528368554029589
0.224 0.1859842200706503
0.22500000000000001 0.18668385122841069
0.22600000000000001 0.18738258158316351
0.22700000000000001 0.1880804136930489
0.22800000000000001 0.18877735010483029
0.22900000000000001 0.1894733933539631
0.23000000000000001 0.1901685459646637
0.23100000000000001 0.19086281044997769
0.23200000000000001 0.19155618931184659
0.23300000000000001 0.1922486850411759
0.23400000000000001 0.1929403001179005
0.23500000000000001 0.19363103701105161
0.23600000000000002 0.1943208981788217
0.23700000000000002 0.1950098860686296
0.23800000000000002 0.1956980031171851
0.23900000000000002 0.1963852517505526
0.23999999999999999 0.19707163438421529
0.24099999999999999 0.19775715342313749
0.24199999999999999 0.1984418112618275
0.24299999999999999 0.19912561028439971
0.24399999999999999 0.1998085528646362
0.245 0.20049064136604791
0.246 0.2011718781419351
0.247 0.20185226553544791
0.248 0.20253180587964609
0.249 0.20321050149755809
0.25 0.2038883547022402
0.251 0.2045653677968349
0.252 0.205241543074629
0.253 0.20591688281911111
0.254 0.20659138930402879
0.255 0.2072650647934455
0.25600000000000001 0.2079379115417965
0.25700000000000001 0.20860993179394521
0.25800000000000001 0.20928112778523861
0.25900000000000001 0.20995150174156191
0.26000000000000001 0.21062105587939389
0.26100000000000001 0.21128979240586071
0.26200000000000001 0.21195771351878989
0.26300000000000001 0.212624821406764
0.26400000000000001 0.21329111824917329
0.26500000000000001 0.21395660621626911
0.26600000000000001 0.21462128746921549
0.26700000000000002 0.2152851641601416
0.26800000000000002 0.21594823843219321
0.26900000000000002 0.21661051241958371
0.27000000000000002 0.21727198824764499
0.27100000000000002 0.21793266803287839
0.27200000000000002 0.21859255388300389
0.27300000000000002 0.2192516478970106
0.27400000000000002 0.21990995216520581
0.27500000000000002 0.220567468769264
0.27600000000000002 0.22122419978227581
0.27700000000000002 0.22188014726879601
0.27800000000000002 0.22253531328489159
0.27900000000000003 0.22318969987818951
0.28000000000000003 0.22384330908792369
0.28100000000000003 0.22449614294498271
0.28200000000000003 0.2251482034719553
0.28300000000000003 0.22579949268317759
0.28400000000000003 0.2264500125847789
0.28500000000000003 0.22709976517472691
0.28600000000000003 0.22774875244287349
0.28700000000000003 0.22839697637099951
0.28800000000000003 0.2290444389328595
0.28899999999999998 0.2296911420942262
0.28999999999999998 0.23033708781293419
0.29099999999999998 0.2309822780389244
0.29199999999999998 0.23162671471428661
0.29299999999999998 0.23227039977330349
0.29399999999999998 0.23291333514249279
0.29499999999999998 0.2335555227406502
0.29599999999999999 0.2341969644788916
0.29699999999999999 0.23483766226069491
0.29799999999999999 0.23547761798194181
0.29899999999999999 0.23611683353095889
0.29999999999999999 0.2367553107885593
0.30099999999999999 0.23739305162808311
0.30199999999999999 0.23803005791543769
0.30299999999999999 0.23866633150913849
0.30399999999999999 0.2393018742603486
0.30499999999999999 0.2399366880129187
0.30599999999999999 0.24057077460342621
0.307 0.2412041358612145
0.308 0.2418367736084322
0.309 0.24246868966007129
0.31 0.24309988582400549
0.311 0.24373036390102901
0.312 0.2443601256848934
0.313 0.2449891729623459
0.314 0.24561750751316649
0.315 0.2462451311102051
0.316 0.2468720455194181
0.317 0.24749825249990531
0.318 0.2481237538039458
0.31900000000000001 0.24874855117703479
0.32000000000000001 0.2493726463579187
0.32100000000000001 0.24999604107863099
0.32200000000000001 0.25061873706452797
0.32300000000000001 0.25124073603432318
0.32400000000000001 0.25186203970012278
0.32500000000000001 0.25248264976746032
0.32600000000000001 0.25310256793533059
0.32700000000000001 0.25372179589622451
0.32800000000000001 0.25434033533616252
0.32900000000000001 0.25495818793472891
0.33000000000000002 0.25557535536510467
0.33100000000000002 0.25619183929410161
0.33200000000000002 0.25680764138219447
0.33300000000000002 0.2574227632835549
0.33400000000000002 0.25803720664608287
0.33500000000000002 0.25865097311144047
0.33600000000000002 0.25926406431508292
0.33700000000000002 0.25987648188629142
0.33800000000000002 0.26048822744820432
0.33900000000000002 0.26109930261784919
0.34000000000000002 0.26170970900617441
0.34100000000000003 0.26231944821807929
0.34200000000000003 0.26292852185244642
0.34300000000000003 0.26353693150217139
0.34400000000000003 0.2641446787541939
0.34500000000000003 0.2647517651895282
0.34600000000000003 0.26535819238329272
0.34700000000000003 0.26596396190474081
0.34800000000000003 0.26656907531728991
0.34900000000000003 0.26717353417855161
0.35000000000000003 0.2677773400403608
0.35100000000000003 0.26838049444880502
0.35199999999999998 0.26898299894425332
0.35299999999999998 0.26958485506138541
0.35399999999999998 0.27018606432921999
0.35499999999999998 0.27078662827114358
0.35599999999999998 0.2713865484049387
0.35699999999999998 0.27198582624281159
0.35799999999999998 0.272584463291421
0.35899999999999999 0.27318246105190519
0.35999999999999999 0.27377982101990972
0.36099999999999999 0.27437654468561518
0.36199999999999999 0.27497263353376422
0.36299999999999999 0.27556808904368818
0.36399999999999999 0.27616291268933502
0.36499999999999999 0.27675710593929498
0.36599999999999999 0.27735067025682769
0.36699999999999999 0.27794360709988869
0.36799999999999999 0.27853591792115528
0.36899999999999999 0.2791276041680526
0.37 0.27971866728278
0.371 0.28030910870233627
0.372 0.28089892985854531
0.373 0.28148813217808188
0.374 0.28207671708249649
0.375 0.28266468598824063
0.376 0.28325204030669171
0.377 0.28383878144417801
0.378 0.28442491080200299
0.379 0.28501042977647001
0.38 0.28559533975890672
0.38100000000000001 0.28617964213568903
0.38200000000000001 0.28676333828826522
0.38300000000000001 0.28734642959318002
0.38400000000000001 0.28792891742209797
0.38500000000000001 0.28851080314182759
0.38600000000000001 0.28909208811434411
0.38700000000000001 0.28967277369681332
0.38800000000000001 0.29025286124161448
0.38900000000000001 0.2908323520963636
0.39000000000000001 0.29141124760393589
0.39100000000000001 0.29198954910248892
0.39200000000000002 0.2925672579254851
0.39300000000000002 0.2931443754017139
0.39400000000000002 0.2937209028553146
0.39500000000000002 0.29429684160579822
0.39600000000000002 0.2948721929680696
0.39700000000000002 0.29544695825244932
0.39800000000000002 0.2960211387646956
0.39900000000000002 0.29659473580602591
0.40000000000000002 0.2971677506731385
0.40100000000000002 0.29774018465823382
0.40200000000000002 0.29831203904903558
0.40300000000000002 0.29888331512881239
0.40400000000000003 0.29945401417639828
0.40500000000000003 0.30002413746621392
0.40600000000000003 0.3005936862682872
0.40700000000000003 0.30116266184827378
0.40800000000000003 0.30173106546747819
0.40900000000000003 0.30229889838287338
0.41000000000000003 0.30286616184712178
0.41100000000000003 0.30343285710859502
0.41200000000000003 0.30399898541139392
0.41300000000000003 0.30456454799536881
0.41400000000000003 0.30512954609613879
0.41500000000000004 0.30569398094511202
0.41600000000000004 0.30625785376950482
0.41699999999999998 0.30682116579236118
0.41799999999999998 0.3073839182325725
0.41899999999999998 0.30794611230489632
0.41999999999999998 0.30850774921997559
0.42099999999999999 0.30906883018435788
0.42199999999999999 0.30962935640051409
0.42299999999999999 0.31018932906685709
0.42399999999999999 0.31074874937776081
0.42499999999999999 0.3113076185235783
0.42599999999999999 0.31186593769066062
0.42699999999999999 0.31242370806137482
0.42799999999999999 0.31298093081412248
0.42899999999999999 0.3135376071233576
0.42999999999999999 0.3140937381596049
0.43099999999999999 0.31464932508947763
0.432 0.31520436907569488
0.433 0.31575887127710051
0.434 0.31631283284867928
0.435 0.31686625494157572
0.436 0.3174191387031105
0.437 0.31797148527679853
0.438 0.31852329580236532
0.439 0.31907457141576512
0.44 0.31962531324919702
0.441 0.32017552243112252
0.442 0.32072520008628191
0.443 0.32127434733571131
0.44400000000000001 0.32182296529675908
0.44500000000000001 0.32237105508310238
0.44600000000000001 0.32291861780476377
0.44700000000000001 0.32346565456812759
0.44800000000000001 0.32401216647595582
0.44900000000000001 0.32455815462740473
0.45000000000000001 0.3251036201180405
0.45100000000000001 0.3256485640398557
0.45200000000000001 0.32619298748128478
0.45300000000000001 0.32673689152722007
0.45400000000000001 0.32728027725902759
0.45500000000000002 0.32782314575456212
0.45600000000000002 0.32836549808818338
0.45700000000000002 0.32890733533077132
0.45800000000000002 0.32944865854974142
0.45900000000000002 0.32998946880905961
0.46000000000000002 0.33052976716925819
0.46100000000000002 0.33106955468745047
0.46200000000000002 0.33160883241734568
0.46300000000000002 0.33214760140926441
0.46400000000000002 0.33268586271015271
0.46500000000000002 0.3332236173635979
0.46600000000000003 0.33376086640984209
0.46700000000000003 0.33429761088579779
0.46800000000000003 0.33483385182506181
0.46900000000000003 0.33536959025793012
0.47000000000000003 0.33590482721141179
0.47100000000000003 0.33643956370924361
0.47200000000000003 0.33697380077190431
0.47300000000000003 0.33750753941662831
0.47400000000000003 0.33804078065742038
0.47500000000000003 0.33857352550506919
0.47600000000000003 0.3391057749671611
0.47700000000000004 0.33963753004809438
0.47800000000000004 0.34016879174909292
0.47900000000000004 0.3406995610682193
0.47999999999999998 0.34122983900038928
0.48099999999999998 0.34175962653738479
0.48199999999999998 0.34228892466786742
0.48299999999999998 0.34281773437739183
0.48399999999999999 0.34334605664841911
0.48499999999999999 0.34387389246033012
0.48599999999999999 0.34440124278943829
0.48699999999999999 0.3449281086090033
0.48799999999999999 0.3454544908892434
0.48899999999999999 0.3459803905973487
0.48999999999999999 0.34650580869749442
0.49099999999999999 0.347030746150853
0.49199999999999999 0.34755520391560718
0.49299999999999999 0.34807918294696288
0.49399999999999999 0.34860268419716139
0.495 0.3491257086154923
0.496 0.3496482571483055
0.497 0.35017033073902409
0.498 0.35069193032815638
0.499 0.35121305685330839
0.5 0.35173371124919578
0.501 0.35225389444765631
0.502 0.35277360737766139
0.503 0.35329285096532892
0.504 0.35381162613393452
0.505 0.35432993380392352
0.50600000000000001 0.35484777489292318
0.50700000000000001 0.35536515031575422
0.50800000000000001 0.35588206098444208
0.50900000000000001 0.35639850780822951
0.51000000000000001 0.35691449169358719
0.51100000000000001 0.35743001354422571
0.51200000000000001 0.357945074261107
0.51300000000000001 0.35845967474245582
0.51400000000000001 0.35897381588377059
0.51500000000000001 0.35948749857783552
0.51600000000000001 0.36000072371473091
0.51700000000000002 0.3605134921818447
0.51800000000000002 0.36102580486388403
0.51900000000000002 0.36153766264288528
0.52000000000000002 0.36204906639822593
0.52100000000000002 0.36256001700663509
0.52200000000000002 0.36307051534220441
0.52300000000000002 0.36358056227639879
0.52400000000000002 0.3640901586780676
0.52500000000000002 0.36459930541345459
0.52600000000000002 0.36510800334620919
0.52700000000000002 0.365616253337397
0.52800000000000002 0.36612405624550998
0.52900000000000003 0.36663141292647727
0.53000000000000003 0.36713832423367537
0.53100000000000003 0.3676447910179389
0.53200000000000003 0.36815081412757028
0.53300000000000003 0.36865639440835057
0.53400000000000003 0.36916153270354962
0.53500000000000003 0.36966622985393582
0.53600000000000003 0.37017048669778652
0.53700000000000003 0.37067430407089808
0.53800000000000003 0.37117768280659591
0.53900000000000003 0.37168062373574418
0.54000000000000004 0.3721831276867561
0.54100000000000004 0.3726851954856033
0.54200000000000004 0.37318682795582592
0.54300000000000004 0.3736880259185425
0.54400000000000004 0.37418879019245938
0.54500000000000004 0.37468912159388051
0.54600000000000004 0.37518902093671691
0.54700000000000004 0.37568848903249652
0.54800000000000004 0.37618752669037342
0.54900000000000004 0.3766861347171373
0.55000000000000004 0.37718431391722312
0.55100000000000005 0.37768206509272029
0.55200000000000005 0.37817938904338178
0.55300000000000005 0.3786762865666341
0.55400000000000005 0.37917275845758541
0.55500000000000005 0.37966880550903581
0.55600000000000005 0.38016442851148569
0.55700000000000005 0.38065962825314542
0.55800000000000005 0.38115440551994367
0.55900000000000005 0.38164876109553708
0.56000000000000005 0.3821426957613191
0.56100000000000005 0.38263621029642819
0.56200000000000006 0.3831293054777577
0.56300000000000006 0.38362198207996412
0.56400000000000006 0.38411424087547569
0.56500000000000006 0.38460608263450158
0.56600000000000006 0.3850975081250404
0.56700000000000006 0.38558851811288869
0.56800000000000006 0.38607911336164979
0.56900000000000006 0.38656929463274198
0.57000000000000006 0.38705906268540757
0.57100000000000006 0.38754841827672082
0.57200000000000006 0.38803736216159679
0.57300000000000006 0.38852589509279939
0.57400000000000007 0.38901401782094991
0.57500000000000007 0.38950173109453551
0.57600000000000007 0.38998903565991699
0.57699999999999996 0.39047593226133742
0.57799999999999996 0.39096242164093031
0.57899999999999996 0.39144850453872748
0.57999999999999996 0.39193418169266742
0.58099999999999996 0.39241945383860322
0.58199999999999996 0.3929043217103107
0.58299999999999996 0.3933887860394964
0.58399999999999996 0.39387284755580532
0.58499999999999996 0.394356506986829
0.58599999999999997 0.39483976505811352
0.58699999999999997 0.39532262249316702
0.58799999999999997 0.39580508001346759
0.58899999999999997 0.39628713833847151
0.58999999999999997 0.39676879818561989
0.59099999999999997 0.39725006027034759
0.59199999999999997 0.39773092530609
0.59299999999999997 0.39821139400429101
0.59399999999999997 0.39869146707441039
0.59499999999999997 0.39917114522393171
0.59599999999999997 0.39965042915836918
0.59699999999999998 0.40012931958127579
0.59799999999999998 0.40060781719425043
0.59899999999999998 0.4010859226969451
0.59999999999999998 0.40156363678707258
0.60099999999999998 0.40204096016041369
0.60199999999999998 0.4025178935108244
0.60299999999999998 0.40299443753024322
0.60399999999999998 0.40347059290869852
0.60499999999999998 0.4039463603343153
0.60599999999999998 0.4044217404933228
0.60699999999999998 0.4048967340700616
0.60799999999999998 0.40537134174699008
0.60899999999999999 0.40584556420469242
0.60999999999999999 0.40631940212188472
0.61099999999999999 0.40679285617542238
0.61199999999999999 0.4072659270403074
0.61299999999999999 0.40773861538969458
0.61399999999999999 0.40821092189489883
0.61499999999999999 0.40868284722540188
0.61599999999999999 0.40915439204885917
0.61699999999999999 0.40962555703110692
0.61799999999999999 0.41009634283616803
0.61899999999999999 0.41056675012625971
0.62 0.41103677956179963
0.621 0.41150643180141278
0.622 0.41197570750193829
0.623 0.41244460731843541
0.624 0.41291313190419082
0.625 0.41338128191072437
0.626 0.41384905798779648
0.627 0.41431646078341378
0.628 0.41478349094383632
0.629 0.41525014911358321
0.63 0.41571643593543939
0.63100000000000001 0.41618235205046222
0.63200000000000001 0.41664789809798741
0.63300000000000001 0.41711307471563541
0.63400000000000001 0.41757788253931771
0.63500000000000001 0.41804232220324322
0.63600000000000001 0.4185063943399242
0.63700000000000001 0.41897009958018261
0.63800000000000001 0.41943343855315629
0.63900000000000001 0.419896411886305
0.64000000000000001 0.42035902020541638
0.64100000000000001 0.42082126413461252
0.64200000000000002 0.42128314429635522
0.64300000000000002 0.42174466131145261
0.64400000000000002 0.42220581579906502
0.64500000000000002 0.42266660837671077
0.64600000000000002 0.42312703966027232
0.64700000000000002 0.4235871102640017
0.64800000000000002 0.42404682080052719
0.64900000000000002 0.42450617188085832
0.65000000000000002 0.42496516411439222
0.65100000000000002 0.42542379810891928
0.65200000000000002 0.42588207447062881
0.65300000000000002 0.42633999380411491
0.65400000000000003 0.42679755671238218
0.65500000000000003 0.4272547637968514
0.65600000000000003 0.42771161565736499
0.65700000000000003 0.42816811289219298
0.65800000000000003 0.42862425609803839
0.65900000000000003 0.42908004587004289
0.66000000000000003 0.42953548280179238
0.66100000000000003 0.42999056748532261
0.66200000000000003 0.4304453005111244
0.66300000000000003 0.4308996824681493
0.66400000000000003 0.43135371394381528
0.66500000000000004 0.43180739552401182
0.66600000000000004 0.43226072779310543
0.66700000000000004 0.43271371133394509
0.66800000000000004 0.43316634672786752
0.66900000000000004 0.43361863455470279
0.67000000000000004 0.43407057539277921
0.67100000000000004 0.43452216981892888
0.67200000000000004 0.43497341840849307
0.67300000000000004 0.4354243217353273
0.67400000000000004 0.43587488037180622
0.67500000000000004 0.4363250948888297
0.67600000000000005 0.43677496585582709
0.67700000000000005 0.43722449384076301
0.67800000000000005 0.43767367941014201
0.67900000000000005 0.4381225231290139
0.68000000000000005 0.43857102556097921
0.68100000000000005 0.43901918726819328
0.68200000000000005 0.43946700881137241
0.68300000000000005 0.43991449074979799
0.68400000000000005 0.44036163364132208
0.68500000000000005 0.44080843804237207
0.68600000000000005 0.44125490450795579
0.68700000000000006 0.44170103359166629
0.68800000000000006 0.44214682584568682
0.68900000000000006 0.44259228182079591
0.69000000000000006 0.44303740206637182
0.69100000000000006 0.44348218713039778
0.69200000000000006 0.4439266375594666
0.69300000000000006 0.44437075389878539
0.69400000000000006 0.44481453669218068
0.69500000000000006 0.44525798648210302
0.69600000000000006 0.44570110380963129
0.69700000000000006 0.44614388921447812
0.69800000000000006 0.44658634323499408
0.69900000000000007 0.44702846640817279
0.70000000000000007 0.447470259269655
0.70100000000000007 0.44791172235373378
0.70200000000000007 0.44835285619335891
0.70300000000000007 0.4487936613201412
0.70399999999999996 0.44923413826435771
0.70499999999999996 0.4496742875549557
0.70599999999999996 0.45011410971955729
0.70699999999999996 0.45055360528446448
0.70799999999999996 0.45099277477466299
0.70899999999999996 0.45143161871382692
0.70999999999999996 0.45187013762432338
0.71099999999999997 0.4523083320272171
0.71199999999999997 0.45274620244227409
0.71299999999999997 0.45318374938796691
0.71399999999999997 0.45362097338147861
0.71499999999999997 0.45405787493870708
0.71599999999999997 0.45449445457426951
0.71699999999999997 0.45493071280150682
0.71799999999999997 0.45536665013248762
0.71899999999999997 0.45580226707801291
0.71999999999999997 0.45623756414762001
0.72099999999999997 0.456672541849587
0.72199999999999998 0.45710720069093708
0.72299999999999998 0.45754154117744228
0.72399999999999998 0.45797556381362842
0.72499999999999998 0.45840926910277841
0.72599999999999998 0.4588426575469372
0.72699999999999998 0.4592757296469156
0.72799999999999998 0.45970848590229418
0.72899999999999998 0.46014092681142782
0.72999999999999998 0.4605730528714494
0.73099999999999998 0.46100486457827428
0.73199999999999998 0.46143636242660407
0.73299999999999998 0.4618675469099307
0.73399999999999999 0.46229841852054038
0.73499999999999999 0.46272897774951799
0.73599999999999999 0.46315922508675061
0.73699999999999999 0.46358916102093167
0.73799999999999999 0.46401878603956498
0.73899999999999999 0.46444810062896869
0.73999999999999999 0.46487710527427889
0.74099999999999999 0.46530580045945402
0.74199999999999999 0.46573418666727823
0.74299999999999999 0.46616226437936592
0.74399999999999999 0.46659003407616478
0.745 0.46701749623696043
0.746 0.46744465133987939
0.747 0.46787149986189402
0.748 0.46829804227882499
0.749 0.46872427906534642
0.75 0.46915021069498819
0.751 0.46957583764014121
0.752 0.47000116037205991
0.753 0.47042617936086673
0.754 0.47085089507555511
0.755 0.4712753079839942
0.75600000000000001 0.4716994185529314
0.75700000000000001 0.47212322724799699
0.75800000000000001 0.47254673453370688
0.75900000000000001 0.47296994087346722
0.76000000000000001 0.47339284672957682
0.76100000000000001 0.47381545256323188
0.76200000000000001 0.47423775883452912
0.76300000000000001 0.47465976600246901
0.76400000000000001 0.47508147452495969
0.76500000000000001 0.4755028848588207
0.76600000000000001 0.47592399745978592
0.76700000000000002 0.47634481278250762
0.76800000000000002 0.47676533128055959
0.76900000000000002 0.47718555340644098
0.77000000000000002 0.47760547961157929
0.77100000000000002 0.47802511034633433
0.77200000000000002 0.47844444606000108
0.77300000000000002 0.4788634872008139
0.77400000000000002 0.47928223421594901
0.77500000000000002 0.47970068755152862
0.77600000000000002 0.48011884765262408
0.77700000000000002 0.480536714963259
0.77800000000000002 0.48095428992641293
0.77900000000000003 0.48137157298402472
0.78000000000000003 0.48178856457699548
0.78100000000000003 0.4822052651451923
0.78200000000000003 0.48262167512745119
0.78300000000000003 0.48303779496158078
0.78400000000000003 0.48345362508436518
0.78500000000000003 0.48386916593156759
0.78600000000000003 0.4842844179379332
0.78700000000000003 0.48469938153719277
0.78800000000000003 0.48511405716206552
0.78900000000000003 0.48552844524426259
0.79000000000000004 0.48594254621449029
0.79100000000000004 0.48635636050245279
0.79200000000000004 0.48676988853685599
0.79300000000000004 0.4871831307454102
0.79400000000000004 0.4875960875548333
0.79500000000000004 0.48800875939085409
0.79600000000000004 0.48842114667821529
0.79700000000000004 0.48883324984067672
0.79800000000000004 0.48924506930101808
0.79900000000000004 0.48965660548104267
0.80000000000000004 0.49006785880157988
0.80100000000000005 0.49047882968248818
0.80200000000000005 0.49088951854265889
0.80300000000000005 0.49129992580001841
0.80400000000000005 0.49171005187153161
0.80500000000000005 0.49211989717320509
0.80600000000000005 0.49252946212008952
0.80700000000000005 0.49293874712628333
0.80800000000000005 0.49334775260493491
0.80900000000000005 0.49375647896824659
0.81000000000000005 0.49416492662747652
0.81100000000000005 0.4945730959929423
0.81200000000000006 0.4949809874740238
0.81300000000000006 0.49538860147916591
0.81400000000000006 0.49579593841588132
0.81500000000000006 0.4962029986907539
0.81600000000000006 0.49660978270944112
0.81700000000000006 0.4970162908766772
0.81800000000000006 0.4974225235962757
0.81900000000000006 0.49782848127113272
0.82000000000000006 0.49823416430322931
0.82100000000000006 0.49863957309363482
0.82200000000000006 0.499044708042509
0.82300000000000006 0.4994495695491058
0.82400000000000007 0.49985415801177502
0.82500000000000007 0.50025847382796595
0.82600000000000007 0.50066251739422984
0.82700000000000007 0.50106628910622253
0.82800000000000007 0.50146978935870745
0.82900000000000007 0.50187301854555821
0.83000000000000007 0.50227597705976135
0.83100000000000007 0.50267866529341898
0.83200000000000007 0.50308108363775195
0.83299999999999996 0.50348323248310145
0.83399999999999996 0.50388511221893317
0.83499999999999996 0.50428672323383883
0.83599999999999997 0.50468806591553905
0.83699999999999997 0.50508914065088673
0.83799999999999997 0.50548994782586865
0.83899999999999997 0.50589048782560875
0.83999999999999997 0.50629076103437076
0.84099999999999997 0.50669076783556055
0.84199999999999997 0.50709050861172877
0.84299999999999997 0.50748998374457366
0.84399999999999997 0.50788919361494345
0.84499999999999997 0.50828813860283895
0.84599999999999997 0.50868681908741586
0.84699999999999998 0.50908523544698825
0.84799999999999998 0.50948338805902982
0.84899999999999998 0.50988127730017752
0.84999999999999998 0.51027890354623318
0.85099999999999998 0.51067626717216708
0.85199999999999998 0.51107336855211927
0.85299999999999998 0.51147020805940291
0.85399999999999998 0.51186678606650637
0.85499999999999998 0.51226310294509614
0.85599999999999998 0.51265915906601844
0.85699999999999998 0.51305495479930274
0.85799999999999998 0.51345049051416336
0.85899999999999999 0.51384576657900249
0.85999999999999999 0.51424078336141221
0.86099999999999999 0.51463554122817701
0.86199999999999999 0.51503004054527635
0.86299999999999999 0.51542428167788701
0.86399999999999999 0.51581826499038552
0.86499999999999999 0.51621199084635017
0.86599999999999999 0.51660545960856408
0.86699999999999999 0.51699867163901703
0.86799999999999999 0.51739162729890775
0.86899999999999999 0.51778432694864673
0.87 0.5181767709478583
0.871 0.51856895965538286
0.872 0.51896089342927931
0.873 0.51935257262682755
0.874 0.51974399760453061
0.875 0.52013516871811671
0.876 0.52052608632254183
0.877 0.52091675077199207
0.878 0.52130716241988595
0.879 0.52169732161887605
0.88 0.52208722872085189
0.88100000000000001 0.52247688407694248
0.88200000000000001 0.52286628803751745
0.88300000000000001 0.52325544095219034
0.88400000000000001 0.52364434316982011
0.88500000000000001 0.52403299503851375
0.88600000000000001 0.52442139690562872
0.88700000000000001 0.52480954911777433
0.88800000000000001 0.52519745202081436
0.88900000000000001 0.52558510595986985
0.89000000000000001 0.5259725112793201
0.89100000000000001 0.52635966832280578
0.89200000000000002 0.52674657743323061
0.89300000000000002 0.52713323895276376
0.89400000000000002 0.52751965322284167
0.89500000000000002 0.52790582058417057
0.89600000000000002 0.52829174137672841
0.89700000000000002 0.52867741593976669
0.89800000000000002 0.5290628446118133
0.89900000000000002 0.5294480277306739
0.90000000000000002 0.52983296563343441
0.90100000000000002 0.53021765865646275
0.90200000000000002 0.53060210713541156
0.90300000000000002 0.53098631140521957
0.90400000000000003 0.53137027180011387
0.90500000000000003 0.53175398865361245
0.90600000000000003 0.53213746229852521
0.90700000000000003 0.53252069306695715
0.90800000000000003 0.53290368129030985
0.90900000000000003 0.53328642729928333
0.91000000000000003 0.53366893142387828
0.91100000000000003 0.53405119399339818
0.91200000000000003 0.53443321533645105
0.91300000000000003 0.53481499578095182
0.91400000000000003 0.53519653565412373
0.91500000000000004 0.5355778352825008
0.91600000000000004 0.53595889499192984
0.91700000000000004 0.53633971510757195
0.91800000000000004 0.53672029595390502
0.91900000000000004 0.53710063785472506
0.92000000000000004 0.53748074113314914
0.92100000000000004 0.53786060611161601
0.92200000000000004 0.53824023311188918
0.92300000000000004 0.53861962245505834
0.92400000000000004 0.53899877446154099
0.92500000000000004 0.53937768945108511
0.92600000000000005 0.53975636774277036
0.92700000000000005 0.54013480965501048
0.92800000000000005 0.54051301550555475
0.92900000000000005 0.54089098561149029
0.93000000000000005 0.54126872028924355
0.93100000000000005 0.54164621985458228
0.93200000000000005 0.54202348462261785
0.93300000000000005 0.54240051490780627
0.93400000000000005 0.54277731102395099
0.93500000000000005 0.54315387328420395
0.93600000000000005 0.54353020200106739
0.93700000000000006 0.54390629748639685
0.93800000000000006 0.54428216005140129
0.93900000000000006 0.54465779000664649
0.94000000000000006 0.54503318766205555
0.94100000000000006 0.54540835332691173
0.94200000000000006 0.54578328730985948
0.94300000000000006 0.54615798991890685
0.94400000000000006 0.54653246146142664
0.94500000000000006 0.54690670224415872
0.94600000000000006 0.54728071257321165
0.94700000000000006 0.5476544927540643
0.94800000000000006 0.54802804309156783
0.94900000000000007 0.54840136388994698
0.95000000000000007 0.54877445545280257
0.95100000000000007 0.54914731808311268
0.95200000000000007 0.54951995208323445
0.95300000000000007 0.54989235775490597
0.95400000000000007 0.55026453539924791
0.95500000000000007 0.55063648531676523
0.95600000000000007 0.55100820780734894
0.95700000000000007 0.55137970317027785
0.95800000000000007 0.55175097170421994
0.95900000000000007 0.55212201370723468
0.95999999999999996 0.55249282947677414
0.96099999999999997 0.55286341930968474
0.96199999999999997 0.55323378350220931
0.96299999999999997 0.55360392234998845
0.96399999999999997 0.55397383614806228
0.96499999999999997 0.55434352519087204
0.96599999999999997 0.55471298977226147
0.96699999999999997 0.55508223018547931
0.96799999999999997 0.55545124672318014
0.96899999999999997 0.5558200396774261
0.96999999999999997 0.55618860933968894
0.97099999999999997 0.5565569560008512
0.97199999999999998 0.55692507995120821
0.97299999999999998 0.55729298148046935
0.97399999999999998 0.5576606608777599
0.97499999999999998 0.55802811843162237
0.97599999999999998 0.55839535443001875
0.97699999999999998 0.55876236916033095
0.97799999999999998 0.55912916290936365
0.97899999999999998 0.5594957359633449
0.97999999999999998 0.5598620886079283
0.98099999999999998 0.56022822112819437
0.98199999999999998 0.56059413380865208
0.98299999999999998 0.5609598269332402
0.98399999999999999 0.56132530078532938
0.98499999999999999 0.56169055564772319
0.98599999999999999 0.56205559180265985
0.98699999999999999 0.56242040953181405
0.98799999999999999 0.56278500911629792
0.98899999999999999 0.56314939083666282
0.98999999999999999 0.56351355497290123
0.99099999999999999 0.5638775018044474
0.99199999999999999 0.56424123161017992
0.99299999999999999 0.56460474466842225
0.99399999999999999 0.56496804125694489
0.995 0.56533112165296662
0.996 0.56569398613315591
0.997 0.56605663497363246
0.998 0.56641906844996892
0.999 0.56678128683719187
1 0.56714329040978395
